      4.00000  4.25023e-37  3.01459e-37  5.73071e-32  6.04485e-32  3.76899e-32  2.46883e-32
      4.05000  4.35880e-36  3.05105e-36  4.42822e-31  4.65348e-31  2.89812e-31  1.89477e-31
      4.10000  3.57054e-35  2.47733e-35  2.66337e-30  2.78918e-30  1.73496e-30  1.13217e-30
      4.15000  2.18175e-34  1.51083e-34  1.15861e-29  1.20942e-29  7.51471e-30  4.89532e-30
      4.20000  8.97593e-34  6.30348e-34  3.15694e-29  3.28494e-29  2.03994e-29  1.32746e-29
      4.25000  2.68513e-33  1.95998e-33  5.36501e-29  5.56265e-29  3.45905e-29  2.25390e-29
      4.30000  7.49559e-33  5.73531e-33  7.07832e-29  7.30108e-29  4.57237e-29  3.00512e-29
      4.35000  2.11604e-32  1.66705e-32  9.01323e-29  9.21567e-29  5.88387e-29  3.96036e-29
      4.40000  5.39753e-32  4.28545e-32  1.24514e-28  1.25806e-28  8.27783e-29  5.77978e-29
      4.45000  1.02936e-31  8.11508e-32  1.78554e-28  1.78893e-28  1.19955e-28  8.58601e-29
      4.50000  1.33822e-31  1.03374e-31  2.40464e-28  2.40850e-28  1.60000e-28  1.14083e-28
      4.55000  1.40884e-31  1.04343e-31  3.26588e-28  3.28444e-28  2.12640e-28  1.48644e-28
      4.60000  1.54933e-31  1.05445e-31  4.87304e-28  4.91411e-28  3.11777e-28  2.15789e-28
      4.65000  2.07543e-31  1.22235e-31  7.87984e-28  7.94557e-28  5.01839e-28  3.51629e-28
      4.70000  3.42026e-31  1.70786e-31  1.31729e-27  1.32734e-27  8.48997e-28  6.12201e-28
      4.75000  6.31171e-31  3.09878e-31  2.18500e-27  2.20880e-27  1.45597e-27  1.08185e-27
      4.80000  1.16559e-30  8.44532e-31  3.49970e-27  3.58635e-27  2.47048e-27  1.85591e-27
      4.85000  1.95361e-30  2.98440e-30  5.26437e-27  5.54469e-27  3.98460e-27  2.91679e-27
      4.90000  2.77819e-30  9.21637e-30  7.18027e-27  7.81365e-27  5.71929e-27  3.94405e-27
      4.95000  3.43553e-30  2.10858e-29  8.89196e-27  9.91108e-27  7.19351e-27  4.63611e-27
      5.00000  4.04062e-30  3.80407e-29  1.04357e-26  1.18287e-26  8.46177e-27  5.13824e-27
      5.05000  4.75471e-30  5.94079e-29  1.19818e-26  1.39314e-26  9.94522e-27  5.66602e-27
      5.10000  5.65554e-30  8.44307e-29  1.37438e-26  1.67836e-26  1.20487e-26  6.30009e-27
      5.15000  6.70596e-30  1.12407e-28  1.61398e-26  2.13208e-26  1.50208e-26  7.03423e-27
      5.20000  7.80680e-30  1.44752e-28  1.99715e-26  2.91674e-26  1.88544e-26  7.77974e-27
      5.25000  8.93248e-30  1.94169e-28  2.63665e-26  4.25579e-26  2.31244e-26  8.32372e-27
      5.30000  1.02618e-29  3.29151e-28  3.66195e-26  6.34741e-26  2.70901e-26  8.56724e-27
      5.35000  1.25979e-29  8.33625e-28  5.10749e-26  9.10564e-26  3.01807e-26  8.62601e-27
      5.40000  1.88526e-29  2.52349e-27  6.57006e-26  1.15932e-25  3.11065e-26  8.13309e-27
      5.45000  3.62449e-29  6.68244e-27  7.06550e-26  1.19602e-25  2.77272e-26  6.53188e-27
      5.50000  7.50553e-29  1.38299e-26  6.43489e-26  1.02251e-25  2.18254e-26  4.55197e-27
      5.55000  1.42338e-28  2.32229e-26  6.85673e-26  9.17409e-26  1.82308e-26  3.57590e-27
      5.60000  2.37913e-28  3.36395e-26  1.08199e-25  9.62620e-26  1.73753e-26  3.59572e-27
      5.65000  3.55232e-28  4.34645e-26  2.04076e-25  1.07633e-25  1.77938e-26  4.03503e-27
      5.70000  4.84986e-28  5.07952e-26  3.75920e-25  1.19782e-25  1.88736e-26  4.54366e-27
      5.75000  6.20663e-28  5.38193e-26  6.31359e-25  1.30441e-25  2.05964e-26  4.96915e-27
      5.80000  7.66194e-28  5.18100e-26  9.48904e-25  1.39452e-25  2.29911e-26  5.24601e-27
      5.85000  9.30404e-28  4.55516e-26  1.26791e-24  1.48150e-25  2.59049e-26  5.39979e-27
      5.90000  1.10520e-27  3.65419e-26  1.49736e-24  1.60213e-25  2.89132e-26  5.43024e-27
      5.95000  1.25787e-27  2.65462e-26  1.54703e-24  1.83966e-25  3.15296e-26  5.26235e-27
      6.00000  1.34363e-27  1.74187e-26  1.37526e-24  2.36127e-25  3.42690e-26  4.91585e-27
      6.05000  1.33185e-27  1.05266e-26  1.03008e-24  3.37960e-25  3.98026e-26  4.52628e-27
      6.10000  1.22302e-27  6.16118e-27  6.35613e-25  4.88599e-25  5.37249e-26  4.13385e-27
      6.15000  1.05678e-27  3.75724e-27  3.16364e-25  6.23186e-25  8.43798e-26  3.67539e-27
      6.20000  9.23065e-28  2.47940e-27  1.27664e-25  6.27077e-25  1.34258e-25  3.39940e-27
      6.25000  8.78571e-28  1.75652e-27  4.90471e-26  4.57282e-25  1.78471e-25  3.81285e-27
      6.30000  8.02397e-28  1.32282e-27  3.03770e-26  2.27645e-25  1.69745e-25  5.02333e-27
      6.35000  5.87681e-28  1.05570e-27  2.96046e-26  8.13680e-26  1.10877e-25  6.19439e-27
      6.40000  3.82273e-28  8.88242e-28  2.39682e-26  2.75261e-26  5.61448e-26  6.49613e-27
      6.45000  3.11493e-28  7.80907e-28  1.24265e-26  1.25896e-26  2.58926e-26  6.04010e-27
      6.50000  3.85736e-28  7.03774e-28  4.75214e-27  8.53596e-27  1.21409e-26  5.24664e-27
      6.55000  5.98894e-28  6.38640e-28  2.17186e-27  7.35286e-27  6.38607e-27  4.37226e-27
      6.60000  9.57554e-28  5.81794e-28  1.61496e-27  6.88398e-27  4.17635e-27  3.52957e-27
      6.65000  1.46650e-27  5.40428e-28  1.47491e-27  6.98678e-27  3.39429e-27  2.76212e-27
      6.70000  2.10366e-27  5.31353e-28  1.26609e-27  7.60028e-27  2.91280e-27  2.08473e-27
      6.75000  2.79407e-27  5.98349e-28  9.80226e-28  7.68094e-27  2.27464e-27  1.50851e-27
      6.80000  3.39420e-27  8.70801e-28  7.49094e-28  6.53709e-27  1.59991e-27  1.04602e-27
      6.85000  3.71078e-27  1.67387e-27  6.20686e-28  4.83719e-27  1.09953e-27  7.13091e-28
      6.90000  3.57297e-27  3.57870e-27  5.71867e-28  3.39323e-27  7.86490e-28  5.34290e-28
      6.95000  2.95114e-27  7.03617e-27  5.71325e-28  2.54466e-27  5.94855e-28  5.21080e-28
      7.00000  2.02913e-27  1.13411e-26  5.75878e-28  2.68448e-27  4.80262e-28  6.22246e-28
      7.05000  1.13362e-27  1.40346e-26  5.48378e-28  4.78221e-27  4.22232e-28  6.99556e-28
      7.10000  5.13406e-28  1.29400e-26  4.89816e-28  9.55897e-27  4.00810e-28  6.29666e-28
      7.15000  2.01305e-28  9.09903e-27  4.29778e-28  1.54336e-26  3.92651e-28  4.45077e-28
      7.20000  8.15781e-29  5.31343e-27  3.85633e-28  1.95139e-26  3.82216e-28  2.67047e-28
      7.25000  4.28367e-29  2.88560e-27  3.55094e-28  2.07147e-26  3.65992e-28  1.52775e-28
      7.30000  3.08702e-29  1.60365e-27  3.32086e-28  1.98245e-26  3.46570e-28  9.18062e-29
      7.35000  2.68694e-29  9.66793e-28  3.13185e-28  1.79168e-26  3.26646e-28  6.09116e-29
      7.40000  2.51764e-29  6.45917e-28  2.96921e-28  1.56998e-26  3.07611e-28  4.48563e-29
      7.45000  2.41773e-29  4.75379e-28  2.82533e-28  1.35030e-26  2.89841e-28  3.59464e-29
      7.50000  2.33996e-29  3.78124e-28  2.69567e-28  1.14689e-26  2.73363e-28  3.05820e-29
      7.55000  2.26997e-29  3.18383e-28  2.57699e-28  9.63413e-27  2.58115e-28  2.70767e-29
      7.60000  2.20316e-29  2.79081e-28  2.46699e-28  7.99336e-27  2.43948e-28  2.46144e-29
      7.65000  2.13810e-29  2.51599e-28  2.36423e-28  6.54067e-27  2.30804e-28  2.27758e-29
      7.70000  2.07424e-29  2.31390e-28  2.26752e-28  5.25670e-27  2.18606e-28  2.13331e-29
      7.75000  2.01149e-29  2.15870e-28  2.17632e-28  4.14282e-27  2.07345e-28  2.01538e-29
      7.80000  1.94980e-29  2.03503e-28  2.09014e-28  3.19434e-27  1.97004e-28  1.91566e-29
      7.85000  1.88918e-29  1.93313e-28  2.00865e-28  2.40961e-27  1.87558e-28  1.82894e-29
      7.90000  1.82964e-29  1.84652e-28  1.93155e-28  1.78287e-27  1.78959e-28  1.75168e-29
      7.95000  1.77117e-29  1.77060e-28  1.85848e-28  1.30298e-27  1.71128e-28  1.68136e-29
      8.00000  1.71374e-29  1.70211e-28  1.78899e-28  9.50578e-28  1.63952e-28  1.61616e-29
      8.05000  1.65741e-29  1.63882e-28  1.72265e-28  7.01791e-28  1.57320e-28  1.55482e-29
      8.10000  1.60214e-29  1.57919e-28  1.65908e-28  5.31890e-28  1.51123e-28  1.49643e-29
      8.15000  1.54803e-29  1.52229e-28  1.59793e-28  4.18442e-28  1.45277e-28  1.44047e-29
      8.20000  1.49511e-29  1.46754e-28  1.53895e-28  3.43471e-28  1.39716e-28  1.38657e-29
      8.25000  1.44347e-29  1.41467e-28  1.48203e-28  2.93756e-28  1.34400e-28  1.33459e-29
      8.30000  1.39322e-29  1.36358e-28  1.42712e-28  2.60098e-28  1.29306e-28  1.28447e-29
      8.35000  1.34442e-29  1.31420e-28  1.37415e-28  2.36584e-28  1.24415e-28  1.23616e-29
      8.40000  1.29714e-29  1.26654e-28  1.32312e-28  2.19357e-28  1.19718e-28  1.18963e-29
      8.45000  1.25133e-29  1.22048e-28  1.27389e-28  2.06055e-28  1.15197e-28  1.14479e-29
      8.50000  1.20686e-29  1.17587e-28  1.22628e-28  1.95210e-28  1.10831e-28  1.10147e-29
      8.55000  1.14227e-29  1.11188e-28  1.15871e-28  1.82622e-28  1.04678e-28  1.04039e-29
      8.60000  1.09866e-29  1.06848e-28  1.11265e-28  1.74169e-28  1.00472e-28  9.98611e-30
      8.65000  1.05636e-29  1.02641e-28  1.06808e-28  1.66445e-28  9.64061e-29  9.58205e-30
      8.70000  1.01532e-29  9.85714e-29  1.02501e-28  1.59258e-28  9.24814e-29  9.19202e-30
      8.75000  9.75577e-30  9.46337e-29  9.83410e-29  1.52486e-28  8.86925e-29  8.81551e-30
      8.80000  9.37103e-30  9.08304e-29  9.43259e-29  1.46057e-28  8.50394e-29  8.45252e-30
      8.85000  8.99873e-30  8.71525e-29  9.04495e-29  1.39917e-28  8.15146e-29  8.10225e-30
      8.90000  8.63860e-30  8.36017e-29  8.67106e-29  1.34038e-28  7.81176e-29  7.76469e-30
      8.95000  8.29052e-30  8.01751e-29  8.31071e-29  1.28399e-28  7.48449e-29  7.43954e-30
      9.00000  7.95415e-30  7.68713e-29  7.96353e-29  1.22984e-28  7.16943e-29  7.12654e-30
